S_len, S_wid, S_dra:
0	99	74	83	77	73	100	181	178	174	151	107	105	132	103	121	153	265	280	211	297	267	246	274	238	264	370	317	316	371	301
0.0	18.1	11.2	16.5	15.1	11.8	25.6	25.6	20.7	27.2	23.3	25.2	28.1	26.5	21.8	25.4	28.5	28.6	32.5	29.0	31.1	27.3	34.1	29.5	28.3	31.0	40.9	53.4	43.9	40.6	48.8
0.0	5.6	3.5	3.1	6.1	5.4	7.8	8.1	8.6	7.1	7.4	9.2	7.7	9.0	9.4	8.4	7.3	11.9	11.5	11.0	11.2	11.8	10.9	12.0	10.2	12.0	12.5	13.5	13.0	12.1	13.2

R_max:
0	95	93	89	87	94	110	117	116	118	118	118	107	120	115	120	113	191	186	186	191	192	188	192	189	186	239	239	224	223	240

RR_avg, RR_dif:
0	57	62	73	77	68	96	100	94	98	79	85	98	114	99	110	97	168	172	170	182	162	157	182	173	166	202	182	176	220	234
0	69	66	58	67	77	92	93	113	110	113	111	83	104	104	104	98	155	141	142	148	166	158	153	130	164	186	187	204	170	191
0	85	80	56	68	60	89	112	81	91	98	101	99	96	94	118	98	182	162	150	158	176	158	138	170	151	168	205	209	184	194
0	95	66	54	64	82	102	102	115	103	93	87	91	96	103	119	86	143	155	136	129	143	167	155	144	135	196	226	191	171	182
0	80	62	52	79	74	90	85	80	90	86	99	92	94	96	96	100	143	171	178	161	168	133	158	123	147	171	184	183	177	160
0	10	19	16	3	22	5	14	22	8	16	24	7	6	16	2	12	14	11	16	5	4	4	8	16	11	6	22	9	3	6
0	17	10	12	9	10	9	24	3	8	0	7	5	1	7	10	2	9	26	33	33	16	30	14	30	7	31	25	5	16	30
0	7	13	8	14	11	21	1	13	14	20	0	7	16	14	2	15	9	13	2	11	16	23	15	7	30	12	34	15	16	19
0	0	3	5	18	12	2	12	0	14	24	19	10	19	5	0	11	26	6	10	30	18	5	30	32	5	33	7	7	47	34
0	10	20	13	8	17	12	13	4	4	0	1	15	6	3	13	7	8	15	3	4	18	27	11	1	20	35	1	7	6	16

C1, C2, C3:
9	9	8	8	6
5	5	4	4	3
0	1	1	1	1	1	1	1	1	1	1	1	1	1	1	1	1	2	2	2	2	2	2	2	2	2	3	3	3	3	3

A, D:
0	351	90	572	427	92	10	288	245	43	500	100	457	550	65	516	155	521	37	229	415	48	215	63	485	1	364	216	265	463	383
0	474	229	690	553	230	168	429	389	219	674	248	600	716	238	688	314	768	305	474	701	319	455	320	743	236	706	527	566	741	719

Sk:
19	22	24	26	27	28	29	30
7	8	9	10	16	17	18	20	21	23	25
1	2	3	4	5	6	11	12	13	14	15
17	18	19	20	21	22	23	24	25
1	2	3	4	5	6	7	8	9	10	11	12	13	14	15	16

Zm, Zm_len, Um:
1	2	3	4	5	6	7
119	152	201	317	266	391	337
1	2	2	3	3	4	4

Zi, Zi_len, Ui:
0	1	1	1	1	1	2	3	3	3	3	2	2	2	2	2	3	4	4	5	4	4	5	4	5	4	6	7	7	6	7
0	119	119	119	119	119	152	201	201	201	201	152	152	152	152	152	201	317	317	266	317	317	266	317	266	317	391	337	337	391	337
0	1	1	1	1	1	2	2	2	2	2	2	2	2	2	2	2	3	3	3	3	3	3	3	3	3	4	4	4	4	4

Uk:
12	12	10	10	9

S_typ:
v	s	s	s	s	s	r	r	r	r	r	r	r	r	r	r	r	l	l	l	l	l	l	l	l	l	m	m	m	m	m

Ukm:
9	10	10	11	11	12	12
9	10	10	11	11	12	12
7	8	8	9	9	10	10
7	8	8	9	9	10	10
6	7	7	8	8	9	9
