S_len, S_wid, S_dra:
0	62	67	86	94	82	131	159	104	197	136	146	156	120	176	109	114	235	232	222	243	222	231	209	235	264	346	364	309	362	343
0.0	15.1	11.2	12.7	16.9	11.2	23.1	27.2	21.0	25.4	22.1	22.9	27.6	21.1	22.8	26.7	22.6	26.1	31.8	33.3	26.2	33.6	30.0	30.8	25.4	31.2	46.2	45.7	47.3	47.6	43.0
0.0	5.3	5.4	6.0	5.9	5.7	7.7	9.1	8.4	8.3	7.2	9.1	8.6	9.4	8.8	8.6	9.2	11.3	11.3	11.2	11.2	11.0	11.9	11.3	10.8	11.8	12.3	12.7	12.8	12.6	13.4

R_max:
0	91	87	95	90	94	118	120	118	119	120	118	118	120	113	119	118	192	187	192	192	185	191	188	183	191	237	234	229	213	230

RR_avg, RR_dif:
0	75	77	81	70	91	81	97	110	94	110	95	101	87	84	89	113	183	132	175	175	156	180	172	153	143	229	205	180	162	192
0	60	73	65	67	69	110	95	97	108	87	98	102	105	93	103	96	191	159	182	145	130	168	178	164	167	203	220	193	191	183
0	64	53	55	57	89	90	100	82	101	93	94	99	90	91	102	110	127	123	166	154	148	143	171	155	136	188	152	211	190	175
0	67	79	84	83	71	89	116	86	99	118	103	97	100	88	101	87	155	160	141	161	167	177	152	138	124	167	196	197	173	164
0	84	69	64	83	77	74	110	113	90	103	93	87	90	98	82	98	147	174	154	136	165	158	160	162	149	160	205	186	161	213
0	14	9	12	3	3	11	18	8	22	1	10	0	25	25	24	3	5	7	12	16	26	11	16	29	26	8	25	24	31	31
0	1	14	20	2	22	8	16	15	11	26	4	16	1	20	16	1	1	17	10	10	17	9	5	16	24	13	10	4	18	28
0	2	14	2	16	3	6	20	9	9	21	16	0	25	1	2	8	13	33	25	7	10	16	13	2	30	27	33	16	0	25
0	1	3	11	7	6	29	4	10	12	2	15	10	20	19	2	28	12	17	23	31	14	3	34	35	30	0	18	32	32	34
0	7	2	5	1	16	20	0	4	16	9	20	6	13	0	14	2	24	13	21	34	20	5	8	7	26	13	29	32	1	3

C1, C2, C3:
9	9	8	8	6
5	5	4	4	3
0	1	1	1	1	1	1	1	1	1	1	1	1	1	1	1	1	2	2	2	2	2	2	2	2	2	3	3	3	3	3

A, D:
0	206	37	510	100	218	503	465	252	440	391	33	224	422	138	529	205	501	371	92	311	421	162	179	42	497	263	211	94	268	145
0	334	148	634	217	357	673	642	403	611	542	191	388	587	282	694	363	777	608	325	550	660	412	453	278	773	565	532	412	567	481

Sk:
25	26	27	28	29	30
7	9	12	14	17	18	19	20	21	22	23	24
1	2	3	4	5	6	8	10	11	13	15	16
17	18	19	20	21	22	23	24	25
1	2	3	4	5	6	7	8	9	10	11	12	13	14	15	16

Zm, Zm_len, Um:
1	2	3	4	5	6	7
114	166	217	263	284	384	329
1	2	2	3	3	4	4

Zi, Zi_len, Ui:
0	1	1	1	1	1	2	3	2	3	2	2	3	2	3	2	2	4	4	4	4	4	4	4	4	5	6	6	7	6	6
0	114	114	114	114	114	166	217	166	217	166	166	217	166	217	166	166	263	263	263	263	263	263	263	263	284	384	384	329	384	384
0	1	1	1	1	1	2	2	2	2	2	2	2	2	2	2	2	3	3	3	3	3	3	3	3	3	4	4	4	4	4

Uk:
12	12	10	10	9

S_typ:
v	s	s	s	s	s	r	r	r	r	r	r	r	r	r	r	r	l	l	l	l	l	l	l	l	l	m	m	m	m	m

Ukm:
9	10	10	11	11	12	12
9	10	10	11	11	12	12
7	8	8	9	9	10	10
7	8	8	9	9	10	10
6	7	7	8	8	9	9
