S_len, S_wid, S_dra:
0	95	91	86	66	97	191	175	162	108	114	126	198	167	124	141	166	205	225	234	250	233	291	204	237	248	313	337	311	375	353
0.0	10.9	18.4	17.7	18.4	15.2	20.3	22.4	24.4	24.6	23.8	25.8	21.6	25.7	27.6	25.0	28.4	26.3	27.6	33.6	29.7	29.7	32.8	31.0	28.2	32.1	47.9	47.2	52.5	40.3	40.5
0.0	4.9	4.6	6.1	3.1	4.4	7.3	8.4	8.5	7.7	8.7	8.9	9.3	7.9	8.9	8.2	9.4	11.2	10.3	10.4	10.0	10.3	11.4	11.8	11.9	11.7	12.9	13.0	12.7	13.0	12.6

R_max:
0	91	96	96	92	89	119	119	119	118	119	113	120	119	119	119	118	181	185	189	184	184	191	191	191	189	234	240	239	233	226

RR_avg, RR_dif:
0	71	72	75	77	79	93	83	98	97	100	106	115	96	104	110	97	150	126	172	183	154	175	163	149	142	163	192	213	187	216
0	55	56	81	62	62	99	106	73	116	84	87	106	91	99	97	94	135	161	124	151	152	159	154	173	159	189	210	171	231	194
0	71	89	73	63	85	109	94	113	91	96	93	82	102	97	99	85	144	162	132	159	157	162	161	171	157	195	170	182	181	175
0	77	69	80	50	76	98	100	100	97	95	89	97	83	93	85	117	174	153	139	137	183	144	136	165	168	205	196	221	178	218
0	52	62	77	79	52	105	89	102	82	82	90	99	94	99	103	88	161	139	171	129	150	187	174	172	146	199	202	198	186	164
0	11	24	10	15	1	4	6	20	2	14	2	4	16	15	9	18	12	14	17	1	14	14	12	27	40	23	14	9	12	1
0	14	1	2	15	1	2	8	15	2	0	26	8	23	18	20	23	25	13	31	23	16	32	4	5	26	35	30	31	2	12
0	20	2	21	14	4	10	25	0	27	23	13	22	17	22	14	21	35	1	0	20	5	29	13	20	1	31	31	30	16	30
0	0	23	7	2	7	19	17	19	17	11	12	0	0	4	7	1	7	32	30	20	1	22	31	25	21	12	28	18	21	8
0	11	20	19	7	4	8	10	13	11	6	23	21	23	20	10	1	6	19	10	11	15	2	17	6	31	12	6	31	14	32

C1, C2, C3:
9	9	8	8	6
5	5	4	4	3
0	1	1	1	1	1	1	1	1	1	1	1	1	1	1	1	1	2	2	2	2	2	2	2	2	2	3	3	3	3	3

A, D:
0	185	137	356	569	311	326	299	1	401	389	484	560	95	8	92	221	198	393	320	163	38	441	432	91	227	170	395	218	386	43
0	303	262	483	695	431	471	454	175	557	563	634	707	259	157	270	381	437	646	591	393	291	716	679	341	492	489	736	555	711	329

Sk:
20	22	26	27	28	29	30
9	10	11	14	15	17	18	19	21	23	24	25
1	2	3	4	5	6	7	8	12	13	16
17	18	19	20	21	22	23	24	25
1	2	3	4	5	6	7	8	9	10	11	12	13	14	15	16

Zm, Zm_len, Um:
1	2	3	4	5	6	7
117	218	161	268	311	357	395
1	2	2	3	3	4	4

Zi, Zi_len, Ui:
0	1	1	1	1	1	2	2	2	3	3	3	2	2	3	3	2	4	4	4	5	4	5	4	4	4	6	6	6	7	7
0	117	117	117	117	117	218	218	218	161	161	161	218	218	161	161	218	268	268	268	311	268	311	268	268	268	357	357	357	395	395
0	1	1	1	1	1	2	2	2	2	2	2	2	2	2	2	2	3	3	3	3	3	3	3	3	3	4	4	4	4	4

Uk:
12	12	10	10	9

S_typ:
v	s	s	s	s	s	r	r	r	r	r	r	r	r	r	r	r	l	l	l	l	l	l	l	l	l	m	m	m	m	m

Ukm:
9	10	10	11	11	12	12
9	10	10	11	11	12	12
7	8	8	9	9	10	10
7	8	8	9	9	10	10
6	7	7	8	8	9	9
