S_len, S_wid, S_dra:
0	86	78	69	167	181	113	114	120	153	141	273	212	247	207	221	248	319	313	370	300
0	16.3	19.0	13.0	22.2	22.7	24.2	20.6	28.0	21.2	21.0	31.9	30.8	31.6	25.7	26.6	29.8	49.9	54.4	53.7	40.7
0	4.4	3.2	5.8	8.3	7.3	7.7	9.1	7.0	8.6	9.3	12.0	10.8	11.6	10.6	10.5	10.1	13.3	13.2	13.2	13.4

R_max:
0	72	72	72	120	120	120	120	120	120	120	192	192	192	192	192	192	240	240	220	240

RR_avg, RR_dif:
0	59	55	62	99	84	94	97	90	102	90	160	133	174	168	144	179	172	193	166	221
0	68	59	60	103	108	102	76	94	78	107	165	154	145	135	153	161	188	207	176	170
0	60	62	64	95	99	106	95	93	105	89	186	185	175	140	151	161	210	222	154	185
0	60	58	55	92	96	82	84	101	84	86	176	172	171	166	180	147	232	191	189	166
0	51	65	68	102	112	95	99	88	85	80	172	143	185	138	156	153	187	163	173	183
0	11	7	10	21	12	22	23	18	18	18	32	13	18	24	24	13	28	32	22	19
0	4	11	12	17	12	18	4	22	6	13	27	30	25	15	30	31	31	33	29	26
0	12	10	8	23	21	14	23	21	15	17	6	7	17	20	30	31	30	18	10	30
0	12	10	7	20	24	10	12	19	12	14	16	20	21	26	12	27	8	31	31	22
0	3	7	4	18	8	23	21	16	13	8	20	23	7	18	31	30	31	19	28	30

C1, C2, C3:
9	9	8	8	6
5	5	4	4	3
0	1	1	1	1	1	1	1	1	1	1	2	2	2	2	2	2	3	3	3	3

A, D:
0	584	555	108	557	201	252	596	544	273	433	355	149	424	404	304	216	462	191	422	93
0	672	658	204	682	347	426	768	695	433	613	601	353	678	644	532	494	704	476	716	431

Sk:
12	13	14	15	16	17	18	19	20
6	7	8	10	11
1	2	3	4	5	9
11	12	13	14	15	16
1	2	3	4	5	6	7	8	9	10

Zm, Zm_len, Um:
1	2	3	4	5	6	7
106	201	161	293	268	339	390
1	2	2	3	3	4	4

Zi, Zi_len, Ui:
0	1	1	1	2	2	3	3	3	2	3	4	5	5	5	5	5	6	6	7	6
0	106	106	106	201	201	161	161	161	201	161	293	268	268	268	268	268	339	339	390	339
0	1	1	1	2	2	2	2	2	2	2	3	3	3	3	3	3	4	4	4	4

Uk:
12	12	10	10	9

S_typ:
v	s	s	s	r	r	r	r	r	r	r	l	l	l	l	l	l	m	m	m	m

Ukm:
9	10	10	11	11	12	12
9	10	10	11	11	12	12
7	8	8	9	9	10	10
7	8	8	9	9	10	10
6	7	7	8	8	9	9
