S_len, S_wid, S_dra:
0	94	70	80	116	192	147	198	145	157	201	282	215	257	242	312
0.0	15.7	18.0	16.6	21.7	21.1	21.4	25.0	25.7	24.8	29.6	35.3	32.1	30.3	27.5	49.7
0.0	3.6	3.5	5.9	9.3	8.0	9.0	8.9	8.9	7.4	11.4	10.7	10.6	11.9	11.1	12.6

R_max:
0	96	96	96	118	96	118	117	117	116	182	184	192	192	192	239

RR_avg, RR_dif:
0	79	71	84	102	78	105	86	108	96	165	151	186	139	157	171
0	76	68	56	92	86	108	110	96	108	152	168	174	164	171	217
0	72	65	74	97	85	94	112	85	95	151	169	153	162	159	198
0	66	90	74	105	87	94	100	105	96	142	165	138	166	163	216
0	64	74	80	85	88	107	88	86	98	138	145	155	168	171	224
0	10	14	7	13	4	13	13	9	18	17	26	6	16	35	2
0	20	13	8	20	10	10	5	13	7	30	13	10	28	19	18
0	19	8	19	21	11	21	5	13	18	19	14	20	27	32	19
0	15	6	22	11	8	21	13	9	16	21	19	12	19	25	23
0	11	14	12	7	8	8	8	14	18	17	15	22	24	18	9

C1, C2, C3:
9	9	8	8	6
5	5	4	4	3
0	1	1	1	1	1	1	1	1	1	2	2	2	2	2	3

A, D:
0	401	430	459	285	499	316	330	557	34	3	134	89	70	341	462
0	509	537	571	421	609	449	470	692	165	213	347	316	289	554	735

Sk:
8	9	11	13	14	15
4	5	6	7	8	9	10	12	14
1	2	3	10	12	14
4	6	8	10	11	12	13
1	2	3	5	7	9

Zm, Zm_len, Um:
1	2	3	4	5	6
114	167	218	262	302	332
1	2	2	3	3	4

Zi, Zi_len, Ui:
0	1	1	1	2	3	2	3	2	3	4	5	4	5	4	6
0	114	114	114	167	218	167	218	167	218	262	302	262	302	262	332
0	1	1	1	2	2	2	2	2	2	3	3	3	3	3	4

Uk:
12	12	10	10	9

S_typ:
v	s	s	s	r	r	r	r	r	r	l	l	l	l	l	m

Ukm:
9	10	10	11	11	12
9	10	10	11	11	12
7	8	8	9	9	10
7	8	8	9	9	10
6	7	7	8	8	9
