S_len, S_wid, S_dra:
0	74	80	91	115	165	104	100	175	114	104	249	279	282	211	208	217	311	337	334	317
0	17.8	19.2	18.5	27.3	22.3	23.1	20.5	24.6	25.7	25.9	25.2	35.0	34.1	33.4	34.7	29.8	52.0	49.3	43.0	52.0
0	4.0	4.8	5.6	7.8	7.0	8.6	7.7	9.0	7.6	9.2	10.8	11.8	11.5	11.7	11.5	11.6	13.1	12.5	12.1	12.8

R_max:
0	95	94	86	110	118	114	120	111	115	119	179	192	191	178	190	192	211	233	228	233

RR_avg, RR_dif:
0	62	82	65	85	96	93	94	107	97	99	139	145	175	164	186	183	171	184	222	167
0	78	68	72	82	81	106	95	88	101	96	159	139	158	175	154	142	187	223	218	169
0	85	73	68	109	82	101	103	94	90	107	159	131	143	131	158	178	211	222	191	213
0	70	80	65	91	115	107	104	95	112	107	154	147	171	134	166	176	174	213	187	187
0	68	82	62	76	94	82	111	85	90	113	135	189	165	144	172	153	205	196	179	163
0	20	7	21	9	16	21	6	4	17	9	25	5	16	2	4	9	27	4	6	14
0	17	9	13	6	9	8	6	15	14	14	20	24	2	3	13	24	19	10	4	10
0	8	21	8	1	17	3	12	2	10	4	10	23	27	6	23	3	0	3	16	20
0	5	2	10	11	3	1	14	0	2	6	3	11	20	6	0	7	24	10	6	15
0	20	4	17	3	12	4	9	15	15	6	5	3	23	6	4	21	1	24	5	0

C1, C2, C3:
9	9	8	8	6
5	5	4	4	3
0	1	1	1	1	1	1	1	1	1	1	2	2	2	2	2	2	3	3	3	3

A, D:
0	515	530	251	248	112	324	366	370	494	493	327	342	492	73	91	375	254	230	66	40
0	655	655	374	402	261	464	528	516	658	646	591	598	722	338	343	612	559	545	368	322

Sk:
12	13	17	18	19	20
5	8	11	14	15	16
1	2	3	4	6	7	9	10
11	12	13	14	15	16
1	2	3	4	5	6	7	8	9	10

Zm, Zm_len, Um:
1	2	3	4	5	6
99	149	199	249	299	339
10	11	11	11	11	12

Zi, Zi_len, Ui:
0	1	1	1	2	3	2	2	3	2	2	4	5	5	4	4	4	6	6	6	6
0	99	99	99	149	199	149	149	199	149	149	249	299	299	249	249	249	339	339	339	339
0	10	10	10	11	11	11	11	11	11	11	11	11	11	11	11	11	12	12	12	12

Uk:
12	12	10	10	9

S_typ:
v	s	s	s	r	r	r	r	r	r	r	l	l	l	l	l	l	m	m	m	m

Ukm:
9	10	10	11	11	12	12
9	10	10	11	11	12	12
7	8	8	9	9	10	10
7	8	8	9	9	10	10
6	7	7	8	8	9	9
