S_len, S_wid, S_dra:
0	97	75	66	170	141	173	178	197	158	152	264	276	219	231	252	272	301	369	379	356
0	17.8	16.6	14.0	21.5	22.2	20.7	21.2	26.5	24.5	27.1	27.3	31.0	25.3	30.6	29.2	28.8	40.6	46.3	46.9	40.1
0	5.8	3.7	4.0	7.2	7.1	9.1	8.0	7.3	7.8	8.7	11.9	12.0	11.7	11.3	12.0	10.7	13.4	13.1	12.6	12.8

R_max:
0	72	72	72	120	118	120	120	120	120	120	192	192	192	192	192	192	240	240	240	240

RR_avg, RR_dif:
0	67	58	50	84	91	89	103	77	93	118	154	180	172	152	176	134	228	190	180	198
0	59	66	69	88	84	103	94	82	98	95	174	150	149	164	138	169	181	173	169	205
0	68	69	59	77	86	79	92	90	107	85	150	174	152	146	132	159	209	187	173	191
0	66	58	60	101	90	100	96	78	95	103	136	157	169	166	161	165	207	204	163	197
0	57	65	60	86	95	78	108	112	107	93	173	167	148	149	161	146	190	180	208	183
0	5	10	2	12	19	17	17	5	21	2	34	12	20	32	16	14	12	46	36	42
0	11	6	3	16	12	17	22	10	22	23	18	30	29	28	18	23	37	29	25	35
0	4	3	11	5	14	7	20	18	13	13	30	18	32	26	12	33	31	43	29	47
0	6	10	12	19	18	20	24	6	23	17	16	35	23	26	31	27	33	36	19	43
0	9	7	12	14	23	6	12	8	13	21	19	25	28	29	31	26	46	36	32	39

C1, C2, C3:
9	9	8	8	6
5	5	4	4	3
0	1	1	1	1	1	1	1	1	1	1	2	2	2	2	2	2	3	3	3	3

A, D:
0	593	604	307	196	503	499	441	125	104	326	217	472	79	465	236	518	180	76	271	274
0	697	688	385	345	664	635	603	301	241	487	502	689	291	676	499	777	478	379	626	540

Sk:
13	14	17	18	19	20
5	11	12	15	16
1	2	3	4	6	7	8	9	10
11	12	13	14	15	16
1	2	3	4	5	6	7	8	9	10

Zm, Zm_len, Um:
1	2	3	4	5	6	7
117	217	161	296	251	321	399
1	2	2	3	3	4	4

Zi, Zi_len, Ui:
0	1	1	1	2	3	2	2	2	2	2	4	4	5	5	4	4	6	7	7	7
0	117	117	117	217	161	217	217	217	217	217	296	296	251	251	296	296	321	399	399	399
0	1	1	1	2	2	2	2	2	2	2	3	3	3	3	3	3	4	4	4	4

Uk:
12	12	10	10	9

S_typ:
v	s	s	s	r	r	r	r	r	r	r	l	l	l	l	l	l	m	m	m	m

Ukm:
9	10	10	11	11	12	12
9	10	10	11	11	12	12
7	8	8	9	9	10	10
7	8	8	9	9	10	10
6	7	7	8	8	9	9
