S_len, S_wid, S_dra:
0	80	95	69	93	93	182	152	139	169	107	136	129	137	123	112	144	264	204	216	276	228	224	252	219	203	363	334	308	300	338
0.0	15.4	11.5	19.0	13.6	12.5	24.9	22.0	21.3	22.5	27.8	22.5	26.8	21.4	25.5	27.6	25.6	33.6	25.9	30.7	31.5	26.4	33.6	25.5	26.3	30.5	43.1	50.4	40.4	51.4	42.9
0.0	6.2	5.9	6.2	5.7	5.7	9.1	7.2	8.4	7.8	8.2	8.2	7.8	7.2	7.1	8.0	8.6	11.4	11.2	11.6	11.4	11.6	10.8	10.7	12.0	10.1	13.3	12.4	13.4	12.1	12.7

R_max:
0	86	95	91	96	96	115	120	119	119	118	116	120	108	120	119	119	192	184	191	190	180	189	187	187	173	238	234	211	218	238

RR_avg, RR_dif:
0	75	77	81	70	91	81	97	110	94	110	95	101	87	84	89	113	183	132	175	175	156	180	172	153	143	229	205	180	162	192
0	60	73	65	67	69	110	95	97	108	87	98	102	105	93	103	96	191	159	182	145	130	168	178	164	167	203	220	193	191	183
0	64	53	55	57	89	90	100	82	101	93	94	99	90	91	102	110	127	123	166	154	148	143	171	155	136	188	152	211	190	175
0	67	79	84	83	71	89	116	86	99	118	103	97	100	88	101	87	155	160	141	161	167	177	152	138	124	167	196	197	173	164
0	84	69	64	83	77	74	110	113	90	103	93	87	90	98	82	98	147	174	154	136	165	158	160	162	149	160	205	186	161	213
0	0	12	10	9	5	16	14	6	10	6	20	8	21	22	16	6	5	16	16	15	7	5	15	34	24	9	27	18	5	26
0	2	5	16	8	11	4	9	5	7	10	0	4	1	22	6	12	1	25	8	32	11	13	6	15	6	32	11	2	27	19
0	4	8	15	16	4	25	17	1	2	5	22	21	13	1	15	5	27	5	9	16	16	34	16	6	23	25	1	0	11	30
0	1	16	5	13	15	17	4	1	15	0	8	5	7	3	18	21	15	0	19	1	13	12	23	31	30	10	6	2	25	22
0	2	12	19	10	5	19	5	6	29	13	2	7	8	22	21	0	22	9	27	39	13	27	15	9	9	16	29	12	18	7

C1, C2, C3:
9	9	8	8	6
5	5	4	4	3
0	1	1	1	1	1	1	1	1	1	1	1	1	1	1	1	1	2	2	2	2	2	2	2	2	2	3	3	3	3	3

A, D:
0	381	287	280	39	349	491	322	23	129	400	179	501	248	418	385	531	102	374	30	385	206	375	407	479	460	458	36	34	259	89
0	509	424	393	181	474	664	472	175	280	562	320	673	401	598	547	680	338	601	269	630	459	619	649	728	707	754	367	296	537	423

Sk:
18	19	21	22	24	25	26	27	28	29	30
8	10	11	12	13	14	15	16	17	20	23
1	2	3	4	5	6	7	9
17	18	19	20	21	22	23	24	25
1	2	3	4	5	6	7	8	9	10	11	12	13	14	15	16

Zm, Zm_len, Um:
1	2	3	4	5	6	7
115	202	164	296	248	383	358
1	2	2	3	3	4	4

Zi, Zi_len, Ui:
0	1	1	1	1	1	2	2	3	2	3	3	3	3	3	3	3	4	5	5	4	5	5	4	5	5	6	7	7	7	7
0	115	115	115	115	115	202	202	164	202	164	164	164	164	164	164	164	296	248	248	296	248	248	296	248	248	383	358	358	358	358
0	1	1	1	1	1	2	2	2	2	2	2	2	2	2	2	2	3	3	3	3	3	3	3	3	3	4	4	4	4	4

Uk:
12	12	10	10	9

S_typ:
v	s	s	s	s	s	r	r	r	r	r	r	r	r	r	r	r	l	l	l	l	l	l	l	l	l	m	m	m	m	m

Ukm:
9	10	10	11	11	12	12
9	10	10	11	11	12	12
7	8	8	9	9	10	10
7	8	8	9	9	10	10
6	7	7	8	8	9	9
