S_len, S_wid, S_dra:
0	74	64	75	92	180	107	139	181	159	140	154	174	187	275	239	292	233	200	263	244	286	336	312	361	311
0.0	17.8	12.9	11.1	12.6	26.4	23.5	24.1	23.8	22.4	26.8	23.7	20.7	23.2	33.2	35.2	28.5	26.1	25.2	29.7	25.9	33.3	44.2	45.5	53.7	51.9
0.0	4.0	4.1	3.2	3.0	8.4	7.9	7.0	7.8	9.4	7.8	9.0	7.3	9.1	11.6	11.5	10.7	10.8	10.2	10.8	11.6	11.0	12.6	12.7	13.3	12.6

R_max:
0	96	96	96	96	120	120	120	116	120	120	120	120	120	192	192	192	192	192	189	189	192	240	240	240	240

RR_avg, RR_dif:
0	62	72	61	80	81	88	98	88	111	115	107	103	118	162	138	135	160	178	148	148	167	190	212	195	217
0	76	54	55	87	82	106	88	78	93	94	88	80	92	162	169	158	131	157	136	156	173	218	168	199	184
0	77	65	87	86	100	86	87	91	97	103	87	112	84	157	136	183	174	148	145	157	141	192	208	225	196
0	87	80	74	89	90	87	99	82	84	112	111	110	104	178	162	157	166	139	153	152	135	219	204	188	186
0	73	68	73	65	83	92	82	94	86	76	105	87	81	174	143	139	149	147	158	158	152	211	204	198	191
0	14	24	13	16	9	16	22	16	9	5	13	17	2	30	18	15	32	14	28	28	25	22	28	27	23
0	20	6	7	9	10	14	16	6	21	22	16	8	20	30	23	31	11	31	16	31	19	22	0	31	16
0	19	17	9	10	20	14	15	19	23	17	15	8	12	31	16	9	18	28	25	31	21	24	32	15	28
0	9	16	22	7	18	15	21	10	12	8	9	10	16	14	30	31	26	19	30	30	15	21	34	20	18
0	23	20	23	17	11	20	10	22	14	4	15	15	9	18	23	19	29	27	31	31	30	29	34	30	23

C1, C2, C3:
9	9	8	8	6
5	5	4	4	3
0	1	1	1	1	1	1	1	1	1	1	1	1	1	2	2	2	2	2	2	2	2	3	3	3	3

A, D:
0	650	697	248	373	3	465	555	288	406	362	276	540	21	511	131	131	240	8	27	243	440	409	337	512	452
0	793	829	383	514	177	631	700	459	551	534	424	705	182	788	381	392	490	257	263	473	721	729	639	866	797

Sk:
15	17	20	22	23	24	25
6	7	10	14	16	19	21
1	2	3	4	5	8	9	11	12	13	18
14	15	16	17	19	20	21
1	2	3	4	5	6	7	8	9	10	11	12	13	18

Zm, Zm_len, Um:
1	2	3	4	5	6	7
112	207	160	312	264	356	381
1	2	2	3	3	4	4

Zi, Zi_len, Ui:
0	1	1	1	1	2	3	3	2	2	3	2	2	2	4	5	4	5	5	4	5	4	6	6	7	6
0	112	112	112	112	207	160	160	207	207	160	207	207	207	312	264	312	264	264	312	264	312	356	356	381	356
0	1	1	1	1	2	2	2	2	2	2	2	2	2	3	3	3	3	3	3	3	3	4	4	4	4

Uk:
12	12	10	10	9

S_typ:
v	s	s	s	s	r	r	r	r	r	r	r	r	r	l	l	l	l	l	l	l	l	m	m	m	m

Ukm:
9	10	10	11	11	12	12
9	10	10	11	11	12	12
7	8	8	9	9	10	10
7	8	8	9	9	10	10
6	7	7	8	8	9	9
