S_len, S_wid, S_dra:
0	71	95	78	189	150	194	195	162	124	243	268	271	286	208	356
0.0	13.5	17.3	15.5	27.1	21.5	25.5	26.9	24.7	23.9	27.4	31.8	29.8	27.6	25.6	48.4
0.0	3.0	5.9	3.2	7.2	8.2	9.1	9.1	7.2	7.1	10.9	11.9	10.2	10.6	11.3	13.5

R_max:
0	89	94	96	120	118	116	119	119	118	191	192	182	189	190	240

RR_avg, RR_dif:
0	63	67	69	113	91	94	108	101	90	161	150	163	130	164	194
0	73	71	73	75	90	85	73	105	112	162	171	158	122	167	208
0	78	76	92	107	108	92	91	90	100	163	151	156	172	155	193
0	75	77	68	97	78	95	92	94	78	178	162	160	134	167	228
0	68	81	73	106	103	98	85	96	102	150	151	128	134	140	233
0	12	19	21	7	16	11	11	18	16	19	25	19	6	17	23
0	16	23	22	2	17	6	0	8	6	29	21	23	1	19	25
0	10	17	4	7	10	16	12	14	15	14	28	23	17	35	22
0	10	14	10	12	5	20	13	11	4	12	26	20	8	20	7
0	19	12	21	11	11	18	8	20	9	17	15	6	11	20	7

C1, C2, C3:
9	9	8	8	6
5	5	4	4	3
0	1	1	1	1	1	1	1	1	1	2	2	2	2	2	3

A, D:
0	113	105	481	458	347	392	100	244	435	143	316	493	511	96	32
0	213	213	590	602	441	530	234	381	570	370	538	699	720	315	312

Sk:
10	11	12	13	15
4	5	6	7	8	9	10	14
1	2	3	10	14
4	6	7	8	9	11	12	13	14
1	2	3	5	9

Zm, Zm_len, Um:
1	2	3	4	5	6
115	215	144	263	306	376
1	2	2	3	3	4

Zi, Zi_len, Ui:
0	1	1	1	2	2	2	2	2	3	4	5	5	5	4	6
0	115	115	115	215	215	215	215	215	144	263	306	306	306	263	376
0	1	1	1	2	2	2	2	2	2	3	3	3	3	3	4

Uk:
12	12	10	10	9

S_typ:
v	s	s	s	r	r	r	r	r	r	l	l	l	l	l	m

Ukm:
9	10	10	11	11	12
9	10	10	11	11	12
7	8	8	9	9	10
7	8	8	9	9	10
6	7	7	8	8	9
