S_len, S_wid, S_dra:
0	80	67	80	64	91	62	141	197	120	120	121	199	188	104	122	116	126	227	247	233	246	255	240	275	204	234	267	266	332	318	304	305	341	337	380
0	15.1	10.5	16.6	18.3	10.9	11.0	20.5	20.6	28.0	20.5	24.2	23.4	24.2	26.3	27.4	23.5	24.6	32.8	35.3	32.0	26.9	27.6	29.3	32.8	28.0	30.9	34.2	34.3	43.9	52.8	47.6	50.4	42.8	47.8	43.1
0	5.4	5.9	5.9	4.2	4.1	3.6	8.9	8.7	8.3	9.0	7.8	8.1	7.7	8.9	8.4	7.2	7.2	10.7	10.8	10.8	10.1	10.8	11.7	11.6	11.4	11.6	10.4	10.3	12.4	12.6	12.7	13.5	12.9	12.6	13.3

R_max:
0	72	72	72	72	70	72	120	120	120	120	120	120	120	120	120	120	120	180	180	192	192	192	192	192	150	192	176	192	240	240	240	240	240	240	240

RR_avg, RR_dif:
0	62	70	64	56	59	60	78	93	89	99	93	77	77	114	98	104	81	140	141	157	157	159	158	138	135	158	137	154	202	193	214	235	190	207	197
0	68	69	57	62	58	58	81	88	102	113	105	91	92	105	82	95	94	150	139	130	131	160	125	156	129	137	137	134	184	171	237	203	184	189	183
0	56	65	65	66	52	59	82	92	106	114	90	103	97	105	82	91	108	135	147	135	135	159	159	147	131	135	131	156	175	229	190	208	193	193	234
0	54	54	58	71	55	60	96	98	106	80	98	86	72	91	99	83	93	130	133	157	126	140	142	142	129	140	145	141	223	203	195	227	196	226	222
0	62	53	68	50	56	68	107	86	86	79	75	95	91	105	75	114	100	140	150	129	134	163	124	135	133	146	148	142	200	211	229	202	210	183	212
0	10	2	8	8	11	12	6	21	17	21	21	5	5	6	22	16	9	20	21	35	35	33	34	18	15	34	17	34	38	47	26	5	46	33	43
0	4	3	9	10	10	10	9	16	18	7	15	19	20	15	10	23	22	30	19	10	11	32	5	36	9	17	17	14	40	27	3	37	40	45	39
0	8	7	7	6	4	11	10	20	14	6	18	17	23	15	10	19	12	15	27	15	15	33	33	27	11	15	11	36	31	11	46	32	47	47	6
0	6	6	10	1	7	12	24	22	14	8	22	14	0	19	21	11	21	10	13	35	6	20	22	22	9	20	25	21	17	37	45	13	44	14	18
0	10	5	4	2	8	4	13	14	14	7	3	23	19	15	3	6	20	20	30	9	14	29	4	15	13	26	28	22	40	29	11	38	30	39	28

C1, C2, C3:
9	9	8	8	6
5	5	4	4	3
0	1	1	1	1	1	1	1	1	1	1	1	1	1	1	1	1	1	2	2	2	2	2	2	2	2	2	2	2	3	3	3	3	3	3	3

A, D:
0	159	315	578	444	626	163	445	159	124	460	24	287	291	241	589	79	42	259	524	352	3	87	392	513	142	208	366	523	167	381	249	243	214	164	11
0	252	392	663	530	705	237	572	280	245	609	181	411	447	371	711	229	193	442	768	560	284	317	656	794	325	413	546	768	510	681	549	518	537	481	316

Sk:
22	24	27	28	29	30	31	32	33	34	35
8	12	13	18	19	20	21	23	25	26
1	2	3	4	5	6	7	9	10	11	14	15	16	17
18	19	20	21	22	23	24	25	26	27	28
1	2	3	4	5	6	7	8	9	10	11	12	13	14	15	16	17

Zm, Zm_len, Um:
1	2	3	4	5	6	7
111	161	219	267	295	357	400
1	2	2	3	3	4	4

Zi, Zi_len, Ui:
0	1	1	1	1	1	1	2	3	2	2	2	3	3	2	2	2	2	4	4	4	4	5	4	5	4	4	5	5	6	6	6	6	7	6	7
0	111	111	111	111	111	111	161	219	161	161	161	219	219	161	161	161	161	267	267	267	267	295	267	295	267	267	295	295	357	357	357	357	400	357	400
0	1	1	1	1	1	1	2	2	2	2	2	2	2	2	2	2	2	3	3	3	3	3	3	3	3	3	3	3	4	4	4	4	4	4	4

Uk:
12	12	10	10	9

S_typ:
v	s	s	s	s	s	s	r	r	r	r	r	r	r	r	r	r	r	l	l	l	l	l	l	l	l	l	l	l	m	m	m	m	m	m	m

Ukm:
9	10	10	11	11	12	12
9	10	10	11	11	12	12
7	8	8	9	9	10	10
7	8	8	9	9	10	10
6	7	7	8	8	9	9
