S_len, S_wid, S_dra:
0	74	64	75	92	180	107	139	181	159	140	154	174	187	275	239	292	233	200	263	244	286	336	312	361	311
0.0	17.8	12.9	11.1	12.6	26.4	23.5	24.1	23.8	22.4	26.8	23.7	20.7	23.2	33.2	35.2	28.5	26.1	25.2	29.7	25.9	33.3	44.2	45.5	53.7	51.9
0.0	4.0	4.1	3.2	3.0	8.4	7.9	7.0	7.8	9.4	7.8	9.0	7.3	9.1	11.6	11.5	10.7	10.8	10.2	10.8	11.6	11.0	12.6	12.7	13.3	12.6

R_max:
0	96	96	96	96	120	120	120	120	120	120	120	120	120	192	192	187	192	192	192	192	192	238	240	240	240

RR_avg, RR_dif:
0	64	59	59	61	96	111	97	112	96	101	105	80	111	178	160	121	153	152	155	151	185	204	233	185	184
0	68	78	84	66	94	86	90	101	80	107	111	102	98	159	154	151	171	133	176	182	154	187	189	193	182
0	74	70	72	85	93	101	92	90	97	116	99	90	96	147	159	138	145	136	172	149	127	198	181	224	198
0	62	64	55	68	77	107	109	98	90	99	108	83	87	152	145	156	155	169	154	176	177	184	233	224	229
0	87	85	74	80	81	82	83	103	99	104	85	86	89	184	148	154	154	157	129	152	145	183	211	213	188
0	16	11	11	13	24	9	23	8	24	19	15	8	9	14	32	1	30	30	31	30	7	34	7	17	16
0	20	18	12	18	22	14	18	19	8	13	9	18	22	31	30	30	21	13	16	10	30	19	21	25	14
0	22	22	24	11	21	19	20	18	23	4	21	18	24	27	31	18	25	16	20	29	7	30	13	16	30
0	14	16	7	20	5	13	11	22	18	21	12	11	15	30	25	31	31	23	30	16	15	16	7	16	11
0	9	11	22	16	9	10	11	17	21	16	13	14	17	8	28	30	30	31	9	30	25	15	29	27	20

C1, C2, C3:
9	9	8	8	6
5	5	4	4	3
0	1	1	1	1	1	1	1	1	1	1	1	1	1	2	2	2	2	2	2	2	2	3	3	3	3

A, D:
0	650	697	248	373	3	465	555	288	406	362	276	540	21	511	131	131	240	8	27	243	440	409	337	512	452
0	793	829	383	514	177	631	700	464	551	534	424	705	182	788	381	386	490	257	267	476	721	727	639	866	797

Sk:
15	17	20	22	23	24	25
6	7	10	14	16	19	21
1	2	3	4	5	8	9	11	12	13	18
14	15	16	17	19	20	21
1	2	3	4	5	6	7	8	9	10	11	12	13	18

Zm, Zm_len, Um:
1	2	3	4	5	6	7
112	207	160	312	264	356	381
1	2	2	3	3	4	4

Zi, Zi_len, Ui:
0	1	1	1	1	2	3	3	2	2	3	2	2	2	4	5	4	5	5	4	5	4	6	6	7	6
0	112	112	112	112	207	160	160	207	207	160	207	207	207	312	264	312	264	264	312	264	312	356	356	381	356
0	1	1	1	1	2	2	2	2	2	2	2	2	2	3	3	3	3	3	3	3	3	4	4	4	4

Uk:
12	12	10	10	9

S_typ:
v	s	s	s	s	r	r	r	r	r	r	r	r	r	l	l	l	l	l	l	l	l	m	m	m	m

Ukm:
9	10	10	11	11	12	12
9	10	10	11	11	12	12
7	8	8	9	9	10	10
7	8	8	9	9	10	10
6	7	7	8	8	9	9
