S_len, S_wid, S_dra:
0	92	79	94	158	156	180	197	191	125	254	211	261	209	247	372
0.0	14.5	12.5	16.1	25.8	23.5	23.5	21.9	26.8	27.7	30.3	29.8	29.7	30.7	32.8	44.1
0.0	3.5	5.8	3.2	8.4	9.4	7.6	8.6	8.6	9.4	11.6	10.5	11.8	11.6	10.7	12.2

R_max:
0	93	92	95	117	112	118	115	115	120	189	183	190	190	190	237

RR_avg, RR_dif:
0	71	71	78	103	80	110	83	94	91	177	140	159	173	178	183
0	76	68	84	95	95	91	77	96	109	159	159	152	154	130	212
0	85	80	56	98	101	117	82	90	107	145	137	133	170	177	200
0	74	64	74	93	92	95	93	99	94	168	148	158	162	141	211
0	70	79	73	99	77	97	97	105	92	156	173	153	186	152	218
0	12	21	15	12	6	6	8	17	12	12	19	31	14	9	9
0	14	16	11	12	14	19	5	12	11	18	21	28	28	10	25
0	8	12	5	19	11	1	5	16	13	16	8	10	19	13	17
0	11	12	20	19	20	17	19	13	18	13	21	29	24	18	16
0	13	11	17	18	5	17	18	10	15	18	10	30	4	20	11

C1, C2, C3:
9	9	8	8	6
5	5	4	4	3
0	1	1	1	1	1	1	1	1	1	2	2	2	2	2	3

A, D:
0	84	489	217	502	608	13	117	450	96	176	416	456	5	265	5
0	189	591	325	633	708	151	245	579	240	396	626	669	230	492	271

Sk:
10	11	12	13	14	15
4	5	6	7	8	9	11	12
1	2	3	10	12
4	5	6	7	8	9	10	11	13	14
1	2	3	9

Zm, Zm_len, Um:
1	2	3	4	5	6
114	217	145	281	267	392
1	2	2	3	3	4

Zi, Zi_len, Ui:
0	1	1	1	2	2	2	2	2	3	4	5	4	5	5	6
0	114	114	114	217	217	217	217	217	145	281	267	281	267	267	392
0	1	1	1	2	2	2	2	2	2	3	3	3	3	3	4

Uk:
12	12	10	10	9

S_typ:
v	s	s	s	r	r	r	r	r	r	l	l	l	l	l	m

Ukm:
9	10	10	11	11	12
9	10	10	11	11	12
7	8	8	9	9	10
7	8	8	9	9	10
6	7	7	8	8	9
