S_len, S_wid, S_dra:
0	77	64	75	92	180	107	139	181	159	140	154	174	187	275	239	292	233	200	263	244	286	336	312	361	311
0.0	14.6	12.9	11.1	12.6	26.4	23.5	24.1	23.8	22.4	26.8	23.7	20.7	23.2	33.2	35.2	28.5	26.1	25.2	29.7	25.9	33.3	44.2	45.5	53.7	51.9
0.0	6.1	4.1	3.2	3.0	8.4	7.9	7.0	7.8	9.4	7.8	9.0	7.3	9.1	11.6	11.5	10.7	10.8	10.2	10.8	11.6	11.0	12.6	12.7	13.3	12.6

R_max:
0	96	96	96	96	120	120	120	120	120	120	120	120	120	192	192	192	192	192	192	192	192	240	240	240	240

RR_avg, RR_dif:
0	60	92	78	89	99	92	102	84	97	89	102	113	102	137	152	171	146	166	176	142	175	216	197	212	217
0	67	55	68	74	87	111	89	105	86	106	86	105	97	170	134	171	151	133	163	152	178	188	172	213	192
0	92	78	82	75	98	111	80	103	95	85	111	98	83	143	133	154	137	139	171	125	148	173	219	206	200
0	80	63	65	74	101	83	101	87	102	97	97	82	98	182	143	148	151	147	140	154	172	224	228	227	203
0	67	69	83	75	85	98	93	89	102	84	104	89	85	180	174	151	169	159	152	161	165	203	213	233	194
0	12	4	18	7	21	20	18	12	23	17	18	7	18	17	30	21	26	26	16	22	17	24	29	28	23
0	19	7	20	22	15	9	17	15	14	14	14	15	23	22	14	21	30	13	29	30	14	20	4	27	24
0	4	18	14	21	22	9	8	17	23	13	9	22	11	23	13	30	17	19	21	5	28	5	21	34	32
0	16	15	17	22	19	11	19	15	18	23	23	10	22	10	23	28	30	27	20	30	20	16	12	13	33
0	19	21	13	21	13	22	21	17	18	12	16	17	13	12	18	30	23	31	30	31	27	33	27	7	26

C1, C2, C3:
9	9	8	8	6
5	5	4	4	3
0	1	1	1	1	1	1	1	1	1	1	1	1	1	2	2	2	2	2	2	2	2	3	3	3	3

A, D:
0	650	697	248	373	3	465	555	288	406	362	276	540	21	511	131	131	240	8	27	243	440	409	337	512	452
0	793	829	383	514	177	631	700	464	551	534	424	705	182	788	381	392	490	257	267	476	721	729	639	866	797

Sk:
15	17	20	22	23	24	25
6	7	10	14	16	19	21
1	2	3	4	5	8	9	11	12	13	18
14	15	16	17	19	20	21
1	2	3	4	5	6	7	8	9	10	11	12	13	18

Zm, Zm_len, Um:
1	2	3	4	5	6	7
112	207	160	312	264	356	381
1	2	2	3	3	4	4

Zi, Zi_len, Ui:
0	1	1	1	1	2	3	3	2	2	3	2	2	2	4	5	4	5	5	4	5	4	6	6	7	6
0	112	112	112	112	207	160	160	207	207	160	207	207	207	312	264	312	264	264	312	264	312	356	356	381	356
0	1	1	1	1	2	2	2	2	2	2	2	2	2	3	3	3	3	3	3	3	3	4	4	4	4

Uk:
12	12	10	10	9

S_typ:
v	s	s	s	s	r	r	r	r	r	r	r	r	r	l	l	l	l	l	l	l	l	m	m	m	m

Ukm:
9	10	10	11	11	12	12
9	10	10	11	11	12	12
7	8	8	9	9	10	10
7	8	8	9	9	10	10
6	7	7	8	8	9	9
