S_len, S_wid, S_dra:
0	74	64	75	92	180	107	139	181	159	140	154	174	187	275	239	292	233	200	263	244	286	336	312	361	311
0.0	17.8	12.9	11.1	12.6	26.4	23.5	24.1	23.8	22.4	26.8	23.7	20.7	23.2	33.2	35.2	28.5	26.1	25.2	29.7	25.9	33.3	44.2	45.5	53.7	51.9
0.0	4.0	4.1	3.2	3.0	8.4	7.9	7.0	7.8	9.4	7.8	9.0	7.3	9.1	11.6	11.5	10.7	10.8	10.2	10.8	11.6	11.0	12.6	12.7	13.3	12.6

R_max:
0	96	96	96	96	120	120	118	120	120	120	120	120	120	187	192	192	192	192	192	192	192	240	240	240	240

RR_avg, RR_dif:
0	70	73	56	66	98	100	91	80	112	80	91	78	100	133	156	178	151	183	167	160	155	230	202	232	219
0	68	72	54	77	86	104	88	119	104	89	112	110	95	156	150	151	170	136	157	167	155	233	193	186	172
0	85	73	74	65	88	101	76	101	85	92	99	111	82	132	181	143	149	161	134	161	165	201	194	197	220
0	95	84	61	82	85	116	95	91	100	97	78	89	105	150	181	156	160	177	150	159	153	228	187	219	213
0	90	90	62	60	88	101	85	107	104	104	105	89	115	150	152	147	152	158	159	120	139	220	212	190	201
0	22	23	8	18	22	20	19	8	8	8	19	6	20	13	31	14	30	9	25	32	31	10	33	8	21
0	20	24	6	19	14	16	16	1	16	17	8	10	23	31	30	30	22	16	31	25	31	7	25	18	4
0	11	23	22	17	16	19	4	19	13	20	21	9	10	12	11	23	29	31	14	31	27	33	26	29	20
0	1	12	13	14	13	4	23	19	20	23	6	17	15	30	11	31	32	15	30	31	30	12	19	21	27
0	6	6	14	12	16	19	13	13	16	16	15	17	5	30	30	27	30	31	31	0	19	20	28	22	33

C1, C2, C3:
9	9	8	8	6
5	5	4	4	3
0	1	1	1	1	1	1	1	1	1	1	1	1	1	2	2	2	2	2	2	2	2	3	3	3	3

A, D:
0	650	697	248	373	3	465	555	288	406	362	276	540	21	511	131	131	240	8	27	243	440	409	337	512	452
0	793	829	383	514	177	631	698	464	551	534	424	705	182	781	381	392	490	257	267	476	721	729	639	866	797

Sk:
15	17	20	22	23	24	25
6	7	10	14	16	19	21
1	2	3	4	5	8	9	11	12	13	18
14	15	16	17	19	20	21
1	2	3	4	5	6	7	8	9	10	11	12	13	18

Zm, Zm_len, Um:
1	2	3	4	5	6	7
112	207	160	312	264	356	381
1	2	2	3	3	4	4

Zi, Zi_len, Ui:
0	1	1	1	1	2	3	3	2	2	3	2	2	2	4	5	4	5	5	4	5	4	6	6	7	6
0	112	112	112	112	207	160	160	207	207	160	207	207	207	312	264	312	264	264	312	264	312	356	356	381	356
0	1	1	1	1	2	2	2	2	2	2	2	2	2	3	3	3	3	3	3	3	3	4	4	4	4

Uk:
12	12	10	10	9

S_typ:
v	s	s	s	s	r	r	r	r	r	r	r	r	r	l	l	l	l	l	l	l	l	m	m	m	m

Ukm:
9	10	10	11	11	12	12
9	10	10	11	11	12	12
7	8	8	9	9	10	10
7	8	8	9	9	10	10
6	7	7	8	8	9	9
