S_len, S_wid, S_dra:
0	60	99	73	83	119	180	144	151	134	163	142	109	137	208	206	218	234	230	209	274	299	300	319	331	314
0.0	16.9	15.7	11.5	13.3	20.7	20.7	27.2	26.5	27.6	28.3	28.3	25.2	22.3	31.0	25.6	25.8	29.5	34.3	33.1	33.3	26.0	43.8	52.3	45.1	53.2
0.0	5.8	5.2	5.6	6.3	7.6	9.1	9.3	7.2	8.6	7.5	8.5	7.6	8.2	11.5	11.1	10.6	11.7	11.9	11.9	11.6	11.7	13.5	13.0	13.4	12.2

R_max:
0	96	85	88	93	116	118	120	120	112	118	119	119	120	190	179	187	180	188	187	185	190	240	233	238	238

RR_avg, RR_dif:
0	84	63	70	71	108	115	105	94	99	83	94	95	90	162	154	158	167	148	173	156	144	198	193	164	189
0	89	69	72	77	91	95	111	103	84	118	90	99	101	163	128	184	128	158	144	145	143	181	183	211	189
0	78	65	84	72	97	105	99	75	106	91	98	91	111	152	157	169	126	173	162	139	150	165	200	193	207
0	76	57	73	82	100	103	87	86	88	93	92	100	98	166	154	161	166	150	181	152	157	239	170	193	210
0	75	66	74	90	113	82	88	95	82	95	89	94	101	161	162	153	157	174	163	176	159	156	226	232	218
0	2	14	13	18	6	2	1	20	13	26	23	6	29	16	20	1	13	10	13	18	15	22	4	30	22
0	0	11	5	12	5	1	9	9	24	0	29	5	19	27	35	3	9	24	17	14	13	25	26	24	23
0	16	9	4	8	3	13	17	18	5	14	10	25	2	28	3	14	12	15	19	26	16	27	32	24	8
0	20	9	11	0	11	3	5	14	18	7	6	19	7	13	25	16	4	17	6	2	14	0	25	6	28
0	10	19	13	3	3	27	6	25	18	20	2	5	15	0	7	12	14	6	14	9	31	16	7	6	20

C1, C2, C3:
9	9	8	8	6
5	5	4	4	3
0	1	1	1	1	1	1	1	1	1	1	1	1	1	2	2	2	2	2	2	2	2	3	3	3	3

A, D:
0	142	249	75	531	2	528	70	9	170	162	415	229	549	148	382	138	395	528	212	138	147	130	260	39	247
0	277	352	193	647	143	686	226	177	305	337	574	372	721	410	616	389	647	777	458	394	399	471	578	335	567

Sk:
20	21	22	23	24	25
6	8	10	14	15	16	17	18	19
1	2	3	4	5	7	9	11	12	13
14	15	16	17	18	19	20	21
1	2	3	4	5	6	7	8	9	10	11	12	13

Zm, Zm_len, Um:
1	2	3	4	5	6
119	164	200	254	319	351
1	2	2	3	3	4

Zi, Zi_len, Ui:
0	1	1	1	1	2	3	2	3	2	3	2	2	2	4	4	4	4	4	4	5	5	6	6	6	6
0	119	119	119	119	164	200	164	200	164	200	164	164	164	254	254	254	254	254	254	319	319	351	351	351	351
0	1	1	1	1	2	2	2	2	2	2	2	2	2	3	3	3	3	3	3	3	3	4	4	4	4

Uk:
12	12	10	10	9

S_typ:
v	s	s	s	s	r	r	r	r	r	r	r	r	r	l	l	l	l	l	l	l	l	m	m	m	m

Ukm:
9	10	10	11	11	12
9	10	10	11	11	12
7	8	8	9	9	10
7	8	8	9	9	10
6	7	7	8	8	9
