S_len, S_wid, S_dra:
0	84	62	97	80	66	60	115	131	132	116	126	102	166	184	164	131	161	239	287	296	266	231	264	225	284	296	253	266	341	342	377	361	377	301	309
0	17.5	10.1	12.7	18.5	14.5	16.1	27.3	24.0	23.8	23.1	22.1	22.2	24.6	20.5	23.9	22.1	25.1	27.8	33.3	30.7	31.1	27.2	25.1	27.8	30.3	35.2	29.4	25.8	41.3	41.3	50.7	51.8	47.4	45.3	41.2
0	5.6	5.7	3.6	4.5	4.9	5.4	9.4	8.0	8.0	7.0	7.9	8.2	9.0	7.8	9.1	7.6	8.7	10.6	10.0	10.4	11.0	11.0	10.3	11.6	10.2	10.4	10.6	10.6	13.4	12.5	12.7	12.6	13.2	12.2	12.9

R_max:
0	72	72	72	72	72	72	120	120	120	120	120	120	120	120	120	120	120	174	188	190	190	172	192	188	192	192	192	192	240	240	240	240	240	240	240

RR_avg, RR_dif:
0	53	59	59	62	58	63	102	98	96	82	95	97	79	103	101	98	90	142	154	154	152	146	145	135	154	135	139	161	229	196	185	229	210	221	203
0	58	61	70	56	58	54	78	99	89	114	93	93	103	87	91	112	83	142	148	142	140	124	139	148	146	144	164	145	190	215	203	218	193	183	236
0	67	60	61	60	64	63	88	75	115	96	91	91	84	78	104	99	101	137	149	130	151	125	163	150	158	129	125	142	202	226	227	227	214	238	201
0	58	61	59	67	59	59	78	95	95	91	116	97	102	106	80	100	110	136	146	155	155	143	144	154	139	158	153	162	201	182	232	200	193	210	221
0	59	59	54	64	54	51	105	105	109	104	85	102	108	100	90	100	98	147	143	134	148	131	150	134	142	136	139	142	201	213	191	184	180	210	170
0	5	11	11	10	10	9	18	22	24	10	23	23	7	17	19	22	18	22	34	34	32	26	25	15	34	15	19	31	11	44	41	11	30	19	37
0	10	11	2	8	10	6	6	21	17	6	21	21	17	15	19	8	11	22	28	22	20	4	19	28	26	24	28	25	46	25	37	22	47	39	4
0	5	12	11	12	8	9	16	3	5	24	19	19	12	6	16	21	19	17	29	10	31	5	29	30	34	9	5	22	38	14	13	13	26	2	39
0	10	11	11	5	11	11	6	23	23	19	4	23	18	14	8	20	10	16	26	35	35	23	24	34	19	34	33	30	39	38	8	40	47	30	19
0	11	11	6	8	6	3	15	15	11	16	13	18	12	20	18	20	22	27	23	14	28	11	30	14	22	16	19	22	39	27	47	40	36	30	26

C1, C2, C3:
9	9	8	8	6
5	5	4	4	3
0	1	1	1	1	1	1	1	1	1	1	1	1	1	1	1	1	1	2	2	2	2	2	2	2	2	2	2	2	3	3	3	3	3	3	3

A, D:
0	553	104	458	182	408	295	412	15	564	234	272	416	148	312	589	555	510	240	267	368	438	206	175	208	499	333	411	88	428	40	149	475	177	311	18
0	634	206	552	271	500	382	533	145	686	358	452	562	288	467	741	696	690	482	536	565	684	424	413	472	715	540	692	372	762	344	395	740	500	608	259

Sk:
19	20	21	23	25	26	27	28	29	30	31	32	33	34	35
13	14	15	17	18	22	24
1	2	3	4	5	6	7	8	9	10	11	12	16
18	19	20	21	22	23	24	25	26	27	28
1	2	3	4	5	6	7	8	9	10	11	12	13	14	15	16	17

Zm, Zm_len, Um:
1	2	3	4	5	6	7
117	152	204	259	316	397	329
1	2	2	3	3	4	4

Zi, Zi_len, Ui:
0	1	1	1	1	1	1	2	2	2	2	2	2	3	3	3	2	3	4	5	5	5	4	5	4	5	5	5	5	6	6	6	6	6	7	7
0	117	117	117	117	117	117	152	152	152	152	152	152	204	204	204	152	204	259	316	316	316	259	316	259	316	316	316	316	397	397	397	397	397	329	329
0	1	1	1	1	1	1	2	2	2	2	2	2	2	2	2	2	2	3	3	3	3	3	3	3	3	3	3	3	4	4	4	4	4	4	4

Uk:
12	12	10	10	9

S_typ:
v	s	s	s	s	s	s	r	r	r	r	r	r	r	r	r	r	r	l	l	l	l	l	l	l	l	l	l	l	m	m	m	m	m	m	m

Ukm:
9	10	10	11	11	12	12
9	10	10	11	11	12	12
7	8	8	9	9	10	10
7	8	8	9	9	10	10
6	7	7	8	8	9	9
