S_len, S_wid, S_dra:
0	68	63	67	64	87	85	130	104	120	164	108	146	168	161	126	166	131	253	238	251	234	291	261	201	277	268	232	216	324	373	337	366	315	369	341
0	14.8	11.1	14.6	16.1	19.1	13.8	23.2	20.1	22.3	24.5	25.7	20.2	28.0	25.2	28.4	25.2	25.3	31.6	25.9	28.6	33.2	29.4	28.8	35.3	28.5	26.7	29.0	34.9	53.3	54.1	53.2	52.7	48.8	51.3	45.4
0	3.5	5.0	5.4	4.2	4.2	4.4	8.7	8.0	8.0	8.8	7.1	8.6	8.9	8.8	7.5	9.3	7.9	10.7	11.3	11.6	11.8	10.1	11.0	10.2	10.4	10.5	11.2	11.0	13.1	13.5	12.9	12.2	12.2	13.0	13.1

R_max:
0	72	72	72	72	72	72	120	120	120	120	120	120	120	120	120	120	120	188	164	184	184	192	192	192	192	190	192	192	240	240	240	240	240	240	240

RR_avg, RR_dif:
0	61	70	54	58	64	56	113	93	89	111	100	112	103	82	96	108	103	154	135	152	143	136	140	130	150	134	130	138	183	198	173	208	182	198	191
0	66	55	56	62	50	66	75	94	90	102	92	105	110	99	103	116	88	147	131	141	147	164	167	155	149	149	130	157	206	196	197	207	189	173	211
0	54	56	65	71	57	59	81	93	91	93	117	101	110	100	84	94	84	143	123	133	142	157	146	132	128	155	133	139	213	202	173	198	210	192	205
0	55	63	66	64	66	66	99	99	105	84	105	102	93	85	100	95	106	145	142	136	152	124	150	160	147	155	149	133	189	191	215	188	212	212	188
0	53	67	69	71	53	67	92	94	113	93	97	96	96	107	111	97	83	120	124	149	132	132	141	132	159	136	161	155	200	205	185	178	200	203	184
0	11	2	6	10	8	8	7	21	17	9	20	8	17	10	24	12	17	34	15	32	23	16	20	10	30	14	10	18	39	42	29	32	38	42	47
0	6	7	8	10	2	6	3	22	18	18	20	15	10	21	17	4	16	27	11	21	27	28	25	35	29	29	10	35	34	44	43	33	45	29	29
0	6	8	7	1	9	11	9	21	19	21	3	19	10	20	12	22	12	23	3	13	22	35	26	12	8	35	13	19	27	38	29	42	30	48	35
0	7	9	6	8	6	6	21	21	15	12	15	18	21	13	20	23	14	25	22	16	32	4	30	32	27	35	29	13	45	47	25	44	28	28	44
0	5	5	3	1	5	5	20	22	7	21	23	24	24	13	9	23	11	0	4	29	12	12	21	12	33	16	31	35	40	35	41	34	40	37	40

C1, C2, C3:
9	9	8	8	6
5	5	4	4	3
0	1	1	1	1	1	1	1	1	1	1	1	1	1	1	1	1	1	2	2	2	2	2	2	2	2	2	2	2	3	3	3	3	3	3	3

A, D:
0	266	17	299	303	565	582	36	514	48	558	53	467	192	266	127	23	152	100	147	71	219	310	14	493	39	514	194	351	120	129	465	194	324	127	265
0	343	123	397	391	662	690	177	648	210	692	224	596	366	393	262	199	289	370	381	258	414	556	270	781	233	765	434	609	478	463	815	526	611	452	581

Sk:
19	21	24	27	28	29	30	31	32	33	34	35
10	13	14	16	18	20	22	23	25	26
1	2	3	4	5	6	7	8	9	11	12	15	17
18	19	20	21	22	23	24	25	26	27	28
1	2	3	4	5	6	7	8	9	10	11	12	13	14	15	16	17

Zm, Zm_len, Um:
1	2	3	4	5	6	7
107	166	188	311	258	357	393
1	2	2	3	3	4	4

Zi, Zi_len, Ui:
0	1	1	1	1	1	1	2	2	2	3	2	2	3	3	2	3	2	4	5	4	5	4	4	5	4	4	5	5	6	7	6	7	6	7	7
0	107	107	107	107	107	107	166	166	166	188	166	166	188	188	166	188	166	311	258	311	258	311	311	258	311	311	258	258	357	393	357	393	357	393	393
0	1	1	1	1	1	1	2	2	2	2	2	2	2	2	2	2	2	3	3	3	3	3	3	3	3	3	3	3	4	4	4	4	4	4	4

Uk:
12	12	10	10	9

S_typ:
v	s	s	s	s	s	s	r	r	r	r	r	r	r	r	r	r	r	l	l	l	l	l	l	l	l	l	l	l	m	m	m	m	m	m	m

Ukm:
9	10	10	11	11	12	12
9	10	10	11	11	12	12
7	8	8	9	9	10	10
7	8	8	9	9	10	10
6	7	7	8	8	9	9
