S_len, S_wid, S_dra:
0	83	69	72	176	197	183	171	131	105	288	242	252	288	270	361
0.0	10.7	18.2	18.2	26.6	24.3	22.4	21.9	24.9	25.5	29.4	30.0	28.6	28.9	26.8	53.5
0.0	5.3	3.3	3.9	7.5	7.5	9.1	8.6	8.9	8.3	10.8	11.8	11.5	11.0	10.3	12.7

R_max:
0	96	96	95	119	115	120	115	117	119	179	192	185	190	192	238

RR_avg, RR_dif:
0	72	88	60	97	96	79	106	86	99	142	159	133	151	179	204
0	67	74	65	101	84	105	106	99	106	160	179	154	145	137	206
0	58	54	66	92	84	83	104	108	84	148	159	149	187	151	224
0	87	67	64	103	102	82	87	95	105	149	153	178	151	158	196
0	60	62	74	91	84	88	91	92	101	132	154	150	169	148	208
0	22	8	10	22	19	4	8	14	19	11	32	10	29	13	32
0	14	14	9	11	7	15	8	18	9	19	13	25	13	9	27
0	8	3	12	16	7	7	11	9	7	19	29	22	3	20	14
0	9	17	11	16	11	9	11	22	14	23	19	7	30	20	17
0	12	12	21	19	9	9	11	20	18	12	25	16	15	21	20

C1, C2, C3:
9	9	8	8	6
5	5	4	4	3
0	1	1	1	1	1	1	1	1	1	2	2	2	2	2	3

A, D:
0	364	157	432	507	111	570	109	367	2	360	248	69	508	441	246
0	475	264	545	641	246	708	238	505	141	573	472	291	726	658	516

Sk:
10	11	12	13	14	15
4	5	6	7	8	9	10	11	13
1	2	3	9	12	14
4	5	6	7	10	11	12	13	14
1	2	3	8	9

Zm, Zm_len, Um:
1	2	3	4	5	6
103	217	151	308	262	381
1	2	2	3	3	4

Zi, Zi_len, Ui:
0	1	1	1	2	2	2	2	3	3	4	5	4	4	4	6
0	103	103	103	217	217	217	217	151	151	308	262	308	308	308	381
0	1	1	1	2	2	2	2	2	2	3	3	3	3	3	4

Uk:
12	12	10	10	9

S_typ:
v	s	s	s	r	r	r	r	r	r	l	l	l	l	l	m

Ukm:
9	10	10	11	11	12
9	10	10	11	11	12
7	8	8	9	9	10
7	8	8	9	9	10
6	7	7	8	8	9
