S_len, S_wid, S_dra:
0	68	69	61	118	136	196	102	137	196	184	283	240	283	253	258	205	318	355	372	375
0	15.9	15.5	19.0	21.0	26.9	23.4	25.5	28.2	24.4	25.2	35.4	26.9	35.3	25.5	28.9	27.7	50.2	44.5	51.1	48.5
0	4.6	6.4	6.3	8.3	9.2	9.1	9.4	7.6	9.4	8.5	10.6	11.9	11.4	10.3	11.1	11.8	12.2	12.2	12.1	12.8

R_max:
0	72	72	72	120	120	120	120	120	120	114	192	192	192	192	192	192	240	240	240	240

RR_avg, RR_dif:
0	51	59	65	94	114	104	110	117	99	93	148	163	150	133	178	165	182	170	183	160
0	62	66	61	87	104	92	84	108	116	87	173	179	141	144	150	161	197	230	162	198
0	52	62	58	108	107	116	84	91	95	85	153	132	156	189	156	153	194	205	237	198
0	63	64	58	78	100	93	101	104	98	88	135	175	129	168	150	141	171	186	196	188
0	60	50	58	89	103	89	110	91	111	89	187	138	153	157	171	190	219	182	220	196
0	3	11	7	22	6	16	10	3	21	21	28	29	30	13	14	27	38	26	39	16
0	10	6	11	15	16	20	12	12	4	15	19	13	21	24	30	31	43	10	18	42
0	4	10	10	12	13	4	12	19	23	13	33	12	36	3	36	33	46	35	3	42
0	9	8	10	6	20	21	19	16	22	16	15	17	9	24	30	21	27	42	44	44
0	12	2	10	17	17	17	10	19	9	17	5	18	33	35	21	2	21	38	20	44

C1, C2, C3:
9	9	8	8	6
5	5	4	4	3
0	1	1	1	1	1	1	1	1	1	1	2	2	2	2	2	2	3	3	3	3

A, D:
0	448	571	212	493	585	580	65	588	424	33	280	118	138	184	447	122	123	57	207	431
0	522	679	298	639	726	744	212	747	574	196	564	397	334	380	657	399	369	315	465	687

Sk:
12	16	17	18	19	20
6	9	10	11	13	14	15
1	2	3	4	5	7	8
11	12	13	14	15	16
1	2	3	4	5	6	7	8	9	10

Zm, Zm_len, Um:
1	2	3	4	5	6	7
89	157	216	303	260	338	395
1	2	2	3	3	4	4

Zi, Zi_len, Ui:
0	1	1	1	2	2	3	2	2	3	3	4	5	4	4	4	5	6	7	7	7
0	89	89	89	157	157	216	157	157	216	216	303	260	303	303	303	260	338	395	395	395
0	1	1	1	2	2	2	2	2	2	2	3	3	3	3	3	3	4	4	4	4

Uk:
12	12	10	10	9

S_typ:
v	s	s	s	r	r	r	r	r	r	r	l	l	l	l	l	l	m	m	m	m

Ukm:
9	10	10	11	11	12	12
9	10	10	11	11	12	12
7	8	8	9	9	10	10
7	8	8	9	9	10	10
6	7	7	8	8	9	9
