S_len, S_wid, S_dra:
0	82	92	92	145	103	110	172	170	146	136	234	218	276	226	269	268	315	351	317	303
0	16.8	11.7	12.9	24.5	27.8	22.1	20.5	25.0	26.0	20.5	30.5	27.0	33.0	28.9	30.7	26.2	45.4	42.8	45.0	41.9
0	4.2	4.6	6.1	8.6	8.1	8.9	8.7	7.2	9.5	7.4	10.9	10.4	11.2	11.6	11.5	10.3	12.9	12.6	13.0	12.0

R_max:
0	72	72	72	120	120	120	120	120	116	120	192	192	192	189	192	192	240	240	240	240

RR_avg, RR_dif:
0	69	64	70	81	94	94	82	87	94	96	157	175	147	158	148	152	218	192	188	228
0	60	58	60	111	97	104	96	92	93	94	168	156	165	128	159	154	188	153	213	202
0	62	60	53	92	103	93	86	85	74	96	160	163	143	153	160	144	195	206	166	166
0	52	55	60	109	81	104	86	97	80	91	169	149	166	156	190	153	158	222	222	210
0	63	62	55	94	102	80	98	86	76	84	159	166	146	144	129	171	181	174	219	219
0	3	8	2	9	22	22	10	15	22	24	31	17	27	31	28	30	22	32	31	12
0	12	10	12	9	23	16	24	20	21	22	24	31	27	8	31	30	31	9	27	33
0	10	12	5	20	17	21	14	13	2	24	32	29	23	30	32	24	32	34	22	22
0	4	7	12	11	9	16	14	23	8	19	23	29	26	31	2	30	14	18	18	30
0	9	10	7	22	18	8	22	14	4	12	31	26	26	24	9	21	30	29	21	21

C1, C2, C3:
9	9	8	8	6
5	5	4	4	3
0	1	1	1	1	1	1	1	1	1	1	2	2	2	2	2	2	3	3	3	3

A, D:
0	287	21	368	74	401	543	445	341	157	131	363	459	38	445	467	193	438	217	353	472
0	362	110	446	202	527	707	606	463	298	270	567	660	300	712	667	421	769	515	651	726

Sk:
13	15	16	17	18	19	20
7	8	11	12	14
1	2	3	4	5	6	9	10
11	12	13	14	15	16	20
1	2	3	4	5	6	7	8	9	10

Zm, Zm_len, Um:
1	2	3	4	5	6	7
112	166	192	254	296	337	371
1	2	2	3	3	4	4

Zi, Zi_len, Ui:
0	1	1	1	2	2	2	3	3	2	2	4	4	5	4	5	5	6	7	6	6
0	112	112	112	166	166	166	192	192	166	166	254	254	296	254	296	296	337	371	337	337
0	1	1	1	2	2	2	2	2	2	2	3	3	3	3	3	3	4	4	4	4

Uk:
12	12	10	10	9

S_typ:
v	s	s	s	r	r	r	r	r	r	r	l	l	l	l	l	l	m	m	m	m

Ukm:
9	10	10	11	11	12	12
9	10	10	11	11	12	12
7	8	8	9	9	10	10
7	8	8	9	9	10	10
6	7	7	8	8	9	9
