S_len, S_wid, S_dra:
0	84	87	77	65	92	69	118	110	199	179	197	144	198	182	112	183	163	203	216	293	239	242	231	291	207	290	281	217	371	369	306	346	317	333	320
0	19.2	15.8	10.1	17.8	15.9	13.3	21.2	27.9	28.4	26.9	20.5	22.2	24.3	22.0	25.1	22.3	25.8	34.3	33.1	34.1	33.7	29.7	25.6	29.0	27.2	30.2	28.7	33.8	50.8	48.2	46.2	52.8	42.2	53.7	51.9
0	6.4	5.6	6.3	3.9	5.0	6.1	8.3	7.6	9.1	7.9	9.3	8.3	8.4	8.6	9.1	7.1	8.6	10.0	11.1	10.1	10.6	11.6	10.1	11.3	10.4	10.3	10.6	10.2	13.3	12.1	12.0	13.0	12.1	13.0	12.5

R_max:
0	72	72	72	72	72	72	120	120	120	120	120	120	120	120	120	120	120	190	192	192	192	180	178	192	192	192	192	192	240	240	240	240	240	240	240

RR_avg, RR_dif:
0	66	60	58	56	53	56	94	89	92	91	97	99	93	90	78	86	88	142	138	129	151	131	144	132	153	156	125	144	202	222	200	187	205	217	208
0	57	51	66	67	60	60	79	88	97	106	97	84	110	92	97	86	93	155	164	129	161	138	133	159	161	138	134	159	198	210	182	191	221	227	214
0	56	61	60	53	61	61	87	101	85	106	112	86	93	95	86	86	87	130	141	127	133	150	137	147	140	132	125	133	179	193	203	204	191	192	184
0	63	60	60	52	61	66	109	88	94	102	113	92	92	103	89	106	95	139	132	149	139	142	149	138	143	159	157	154	184	199	181	198	192	185	206
0	56	59	56	68	64	63	89	95	95	117	83	86	78	107	83	97	106	136	127	158	140	127	132	136	147	140	158	142	199	196	203	228	213	203	181
0	6	12	10	8	5	8	22	17	20	19	23	21	21	18	6	14	16	22	18	9	31	11	24	12	33	36	5	24	38	18	40	43	35	23	32
0	9	3	6	5	12	12	7	16	23	14	23	12	10	20	23	14	21	35	28	9	31	18	13	33	31	18	14	33	42	30	38	47	19	13	26
0	8	11	12	5	11	11	15	19	13	14	8	14	21	23	14	14	15	10	21	7	13	30	17	27	20	12	5	13	35	47	37	36	47	48	40
0	9	12	12	4	11	6	11	16	22	18	7	20	20	17	17	14	23	19	12	29	19	22	29	18	23	33	35	34	40	41	37	42	48	41	34
0	8	11	8	4	8	9	17	23	23	3	11	14	6	13	11	23	14	16	7	34	20	7	12	16	27	20	34	22	41	44	37	12	27	37	37

C1, C2, C3:
9	9	8	8	6
5	5	4	4	3
0	1	1	1	1	1	1	1	1	1	1	1	1	1	1	1	1	1	2	2	2	2	2	2	2	2	2	2	2	3	3	3	3	3	3	3

A, D:
0	554	545	255	325	101	449	74	194	228	79	570	405	22	500	102	322	452	115	304	40	197	403	458	122	389	284	306	494	359	310	42	314	2	435	196
0	644	624	329	426	181	534	215	372	368	222	691	560	200	658	263	469	619	340	502	237	478	663	680	372	648	494	528	725	712	570	370	603	316	677	545

Sk:
20	24	26	27	29	30	31	32	33	34	35
9	10	11	13	14	16	17	18	19	21	22	23	25	28
1	2	3	4	5	6	7	8	12	15
18	19	20	21	22	23	24	25	26	27	28
1	2	3	4	5	6	7	8	9	10	11	12	13	14	15	16	17

Zm, Zm_len, Um:
1	2	3	4	5	6	7
112	164	219	262	313	391	353
1	2	2	3	3	4	4

Zi, Zi_len, Ui:
0	1	1	1	1	1	1	2	2	3	3	3	2	3	3	2	3	3	4	4	5	4	4	4	5	4	5	5	4	6	6	7	6	7	7	7
0	112	112	112	112	112	112	164	164	219	219	219	164	219	219	164	219	219	262	262	313	262	262	262	313	262	313	313	262	391	391	353	391	353	353	353
0	1	1	1	1	1	1	2	2	2	2	2	2	2	2	2	2	2	3	3	3	3	3	3	3	3	3	3	3	4	4	4	4	4	4	4

Uk:
12	12	10	10	9

S_typ:
v	s	s	s	s	s	s	r	r	r	r	r	r	r	r	r	r	r	l	l	l	l	l	l	l	l	l	l	l	m	m	m	m	m	m	m

Ukm:
9	10	10	11	11	12	12
9	10	10	11	11	12	12
7	8	8	9	9	10	10
7	8	8	9	9	10	10
6	7	7	8	8	9	9
