S_len, S_wid, S_dra:
0	84	70	74	86	61	98	166	116	118	169	162	195	167	120	127	125	106	262	279	278	256	233	244	250	281	284	256	237	301	363	338	351	337	350	376
0	14.7	16.4	18.7	19.3	15.0	17.8	26.6	27.8	26.5	23.4	24.8	27.4	21.4	25.0	20.5	24.2	22.9	29.0	29.6	33.1	31.5	31.2	28.8	34.4	28.0	27.3	35.5	30.5	43.7	50.9	43.8	40.0	49.9	43.5	54.4
0	3.6	3.7	3.9	5.7	4.1	3.8	7.0	8.4	9.0	7.5	8.2	7.4	8.3	8.0	8.3	8.6	8.6	11.1	10.7	10.2	10.4	10.2	10.5	10.6	11.4	11.3	11.4	10.0	12.6	12.4	13.0	12.8	12.8	13.0	13.0

R_max:
0	72	72	72	72	72	72	120	120	116	120	120	120	120	120	120	120	120	192	186	192	178	192	188	178	172	174	192	188	240	240	240	240	240	240	240

RR_avg, RR_dif:
0	63	59	66	52	62	58	98	94	87	75	101	92	84	97	89	109	110	139	131	138	149	161	150	145	143	147	159	120	226	205	235	215	211	194	210
0	62	57	58	57	53	69	92	90	94	87	108	100	95	92	97	100	102	138	125	149	140	137	146	147	128	141	150	147	201	204	222	204	211	205	175
0	61	61	55	58	68	64	101	107	86	91	107	99	94	93	94	90	95	146	138	164	133	166	126	141	146	145	136	153	231	186	195	186	231	234	218
0	60	52	57	63	60	61	87	101	82	101	103	93	113	93	115	89	90	157	153	143	133	140	124	149	140	127	132	150	217	198	230	225	208	195	220
0	51	57	68	59	50	55	95	91	85	119	107	100	101	76	75	88	106	153	138	141	141	138	154	136	134	131	160	154	190	169	184	200	208	220	219
0	9	11	6	4	10	10	22	22	15	3	19	20	12	23	17	11	10	19	11	18	29	31	30	25	23	27	33	0	14	35	5	25	29	46	30
0	10	9	10	9	5	3	20	18	22	15	12	20	23	20	23	20	18	18	5	29	20	17	26	27	8	21	30	27	39	36	18	36	29	35	31
0	11	11	7	10	4	8	19	13	14	19	13	21	22	21	22	18	23	26	18	28	13	26	6	21	26	25	16	33	9	42	45	42	9	6	22
0	12	4	9	9	12	11	15	19	10	19	17	21	7	21	5	17	18	35	33	23	13	20	4	29	20	7	12	30	23	42	10	15	32	45	20
0	3	9	4	11	2	7	23	19	13	1	13	20	19	4	3	16	14	33	18	21	21	18	34	16	14	11	32	34	46	25	40	40	32	20	21

C1, C2, C3:
9	9	8	8	6
5	5	4	4	3
0	1	1	1	1	1	1	1	1	1	1	1	1	1	1	1	1	1	2	2	2	2	2	2	2	2	2	2	2	3	3	3	3	3	3	3

A, D:
0	236	384	301	82	414	498	204	354	594	95	277	128	375	507	191	489	66	98	204	490	217	330	367	337	178	287	89	131	325	209	258	261	293	125	68
0	332	469	393	162	506	606	337	513	735	238	422	281	534	665	342	662	231	320	458	745	436	603	614	541	401	527	376	320	566	480	602	518	639	367	420

Sk:
22	23	28	29	30	31	32	33	34	35
8	9	14	15	16	17	18	19	20	21	24	25	26	27
1	2	3	4	5	6	7	10	11	12	13
18	19	20	21	22	23	24	25	26	27	28
1	2	3	4	5	6	7	8	9	10	11	12	13	14	15	16	17

Zm, Zm_len, Um:
1	2	3	4	5	6	7
118	215	147	304	264	358	396
1	2	2	3	3	4	4

Zi, Zi_len, Ui:
0	1	1	1	1	1	1	2	3	3	2	2	2	2	3	3	3	3	4	4	4	4	5	5	4	4	4	4	5	6	7	6	7	6	7	7
0	118	118	118	118	118	118	215	147	147	215	215	215	215	147	147	147	147	304	304	304	304	264	264	304	304	304	304	264	358	396	358	396	358	396	396
0	1	1	1	1	1	1	2	2	2	2	2	2	2	2	2	2	2	3	3	3	3	3	3	3	3	3	3	3	4	4	4	4	4	4	4

Uk:
12	12	10	10	9

S_typ:
v	s	s	s	s	s	s	r	r	r	r	r	r	r	r	r	r	r	l	l	l	l	l	l	l	l	l	l	l	m	m	m	m	m	m	m

Ukm:
9	10	10	11	11	12	12
9	10	10	11	11	12	12
7	8	8	9	9	10	10
7	8	8	9	9	10	10
6	7	7	8	8	9	9
