S_len, S_wid, S_dra:
0	63	86	99	138	197	163	175	114	177	212	234	281	261	293	351
0	14.0	12.3	18.9	24.8	25.3	24.2	27.0	27.9	28.0	29.1	26.0	26.2	32.5	25.7	40.7
0	3.9	3.3	4.0	8.5	7.5	8.4	7.2	9.0	7.1	11.0	10.8	11.4	11.0	10.9	13.2

R_max:
0	72	72	72	120	120	120	120	120	120	192	192	192	192	192	240

RR_avg, RR_dif:
0	65	50	57	84	97	115	91	110	95	146	155	154	154	179	189
0	57	58	52	89	103	97	102	109	86	186	175	170	177	134	200
0	57	60	54	94	91	102	80	86	89	144	165	128	140	174	184
0	56	67	70	98	108	100	79	93	101	164	124	163	190	146	186
0	64	65	60	94	104	109	110	100	80	167	179	136	161	145	172
0	7	2	9	12	23	5	19	10	23	26	35	34	34	13	35
0	9	10	4	17	17	23	18	11	14	6	17	22	15	14	30
0	9	12	6	22	19	18	8	14	17	24	27	8	20	18	30
0	8	5	2	22	12	20	7	21	19	28	4	29	2	26	32
0	8	7	12	22	16	11	10	20	8	25	13	16	31	25	28

C1, C2, C3:
9	9	8	8	6
5	5	4	4	3
0	1	1	1	1	1	1	1	1	1	2	2	2	2	2	3

A, D:
0	2	83	484	267	148	72	447	271	340	182	387	290	284	318	135
0	108	167	578	446	270	196	604	444	469	379	587	559	483	599	415

Sk:
12	13	14	15
5	6	7	9	10	11
1	2	3	4	5	8
10	11	12	13	14
1	2	3	4	6	7	8	9

Zm, Zm_len, Um:
1	2	3	4	5	6
119	158	217	254	313	371
1	2	2	3	3	4

Zi, Zi_len, Ui:
0	1	1	1	2	3	3	3	2	3	4	4	5	5	5	6
0	119	119	119	158	217	217	217	158	217	254	254	313	313	313	371
0	1	1	1	2	2	2	2	2	2	3	3	3	3	3	4

Uk:
12	12	10	10	9

S_typ:
v	s	s	s	r	r	r	r	r	r	l	l	l	l	l	m

Ukm:
9	10	10	11	11	12
9	10	10	11	11	12
7	8	8	9	9	10
7	8	8	9	9	10
6	7	7	8	8	9
